FLORI.

133

22. 6919. 1911. 11, 11. 7513. Raudius campus 31, 22.
1919. 91,11. 91,19. 91, 11. 95, Rauenna 73, 11.

13,15,19,21,28,30. 96,5,1,
13;13;2o;25;23. 97,7;22. 93,
9, 27. 99, 11, 19, 19. 199911,
18, 21. 101, 7, 22. 103, 6. 104,
3, 19. 105, 8, 9. 108, 16.109,23.
11910. 12914. ’

Gn. Pompeius 102, 19. 104, 3.

SextusPompeius 102,19. 104, 6. 105,
13. 111, 8.

Pompeius Strabo 84, 8.

Pomptinus ager 19, Ι2.

Pontiae 110, 2.

Pontici 65, 3, 6. 06, 11. 91, 15.
95,11.

Ponticum 11191963, 23. 65, 25. 68,
17.

Pontius 21, 4.

Pontus 68, 11. 191, 5. 191, 12.

Popilius 54, 4.

Porcii 939.

Porcius Cato 68, 18. 70, 23. 84, 7.
91, 1. 35, 11. 191, 19.

Cato Censorius 49, 29. 53, 3.

(191963, 9.

Porsenna 13, 9.

Postumius 14, 10. 21, 2. 26,15.
33,22.

Pothinus 101, 2.

Praeneste 14, 23. 25, 5. 90, 26.

Propontis 68, 18.

Pseudophilippus 48, 24.

Ptolemaeus 70, 19. 100, 12.

Puteoli 20, 16. 110, 1.

Pyrenaei montes 39, 14. 52,11, 19.
121, 2.

Pynhus 22, 11, 19. 23, 27. 21,13;
19. 25, 3. 45,11. 9919. 9919.
99, 9. ’

’ Quinctius 28, 11.

Τ. Quinctius 15, 8.

Quintilius Varus 119, 3, 9, 14.
Quirinalis mons 18, 12.
Quirinus 8,.1.

Quirinus 120, 5.

Regilli lacus 14, 9.

Regillus cs Aemilius.

Remus 6, 12, 22, 21.

Rhascypolis 94, 26.

Rhea Silvia 6, 10.

Rhenus 71, 4, 21, 29. 72,16,18.
104, 9. 118, 4, 19. 119, 25. 123, 6.

Rhodanus 59, 25. 71, 3; 7. 191, 9.

1111991112,17. 44, 19. 45,12. 68,10.

Rhodope 63, 13.

, Rhodus 64, 18.

Rhoecogenes 55, 26.

Rhoemetalces 117, 6.

Roma 8, 2. 9, 9. 19, 6. 25, 9.Ι 37,
10,16. 40, 3 , 18. 48, 6, 16. 58,
2. 62, 20. 64,20. 83,20, 87 , 12.
95, 12. 107, 20.

1199199122, 22. 24, 15. 31,19. 35,
10, 14. 36, 1. 31, 1, 21. 38, 17.
39,27. 42, 3. 43,22,23,29. 45,
9. 48,12. 50, 20. 51,4,11. 52,
12. 54,18. 58,10. 66,11. 70,11.
71,10. 72, 5 , 10 , 22. 112, 4, 27,
28. 113,11. 116, 20. 117, 8. 121,
20. 122, 6. ’

Romulus 5, 2. 6, 9, 18. 1, 16, 30.
8, 3. 11,20. 18,21. 34,12. 53,
27. 123, 24.

Rufinus 24, 26.

Rutilius 82, 1. 84, 3.

Sabaei 114, 11. Ι

Sabini 7, 12. 19, 20. 25, 12. 83, 4.

Sacriportus 90, 1, 11.

Saguntini 35, 27.

Saguntos 35, 9.

9911111111, 21.

Sallentini 26, 2.

Saluuii 33, 20. 59, 20.

Samnitess²20, 5, 19. 21, 18. 25, 12.
84, 8. 90, 5.

Samnium 20, 27. 38, 9. 83, 17.

Samos 57, 8.

Samothrace 47, 21.

Sardinia 30, 21. 33, 1. 38, 22. 39,

 

