Α 126

Belgae 11, 9.
Bergida 121, 11.

“ 11111,11111,11. aas.
Bituriges 73, 9.
Bocchus 59, 1.
Boeotiabd, 28.
Boiorix 62, 9.
Bomilcar 37, 12.
Bononia 107, 13. ,
Borma118, 20.
Bosporos 66, 16.
Bouillae 11, 22.
Brennus 48, 7.
Breuni 115, 1. .
Britanni 11, 2. 73, 2. 75, 20. Ἴ
Β111111111173, 22.

. 1111111115, 13. ,

Brittios angulus 81, 16.

Brittomarus 34, 6.

Brundisium 26, 2. 96, 16. 98, 12.
111, 19.

Brutus 5, 22. 12, 5, 21. 14, 2.

Brutus 97, 3. 104, 28. 106, 16. 107,
11. 109, 2; 15, 21. 199,1; 11.
111, a, 17. ο

D. Brut'u1153, 11. 106, 13.

Byrsa 50, 11.

Caeninenses 7, 10.

C. lulius Caesar 56, 18. 70, 28. 71,
7,23. 72, 3, 12, 19. 73, 14. 74,
2, 5. 75,16. 76,19. 83, 22. 84,
3. 94,1, 17. 95,18,20,28,30.
96, 4, 16, 13, 21. 97, 16. 98, 9,
16,18. 99,19,16,24. 100,11,

· 11111111.1111111111.
193,4,11,27. 194, 7, 8. 105, 1,
8,19,16. 196,4,9.108,2,5,
11, 12. 109, 23. 118, 4.

0. Caesar 120, 11, 19, 22.

L. 0111111107, 19. 120, 11.·

Caesares 6, 5. 89, 12. 120, 9.

’ Octauius Caesar Augustus 5, 2. 6, 2,

4152, 15. 75, 17. 105, 14, 16 , 19 ,

24. 106, 5, 13,21. 107,1,10, 25.

108, 14, 21,,’26 109, 5,9. 110, 3;

NOMINA

116, 6, 11. 117, 14. 121, 25. 122,
3,16, 18. 123, 17, 25.
Caesonius 104, 4.

· caesoriacum 14, 26. 118, 20.

Caieta 20, 13.

Calabria 22, 14. ,
Calagurris 92, 2.
Calatinus 30, 11.

'Caledonas 73, 3.

Caledonius saltus 21, 22.
Callaecia 53, 12.
Calpurnius Bestia 58, 8.

· Calpurnius Flamma 30, 14.

Camerinenses 30, 13.

Camillus 18, 17, 24, 29. 26, 23.

Campani 20, 8. 22, 9. 37, 19.

Campania 20, 3, 10. 23, 2. 25, 4. 37,
16. 38,12,20. 68,6. 8313. 86,
21. 30, 6. 110, 2.

01111136, 24. 37, 18, 61, 26.
1111114.

Cantabri 121, 4, 5, 14.

Cantabria 121, 11.

Canuleius 27, 26.

Capitolinus mons 17, 25.

Capitolium 11, 24. 28, 12. 34, 6, 7.
31,11. 1919. so, 11, 11. 11, 19.

¹ - 11, 11. aa, 11. 11, 11. 198, a.

Cappadociad5,·1. 75,19. 94, 26. 101,
a. 113, 5.

Caprae palus 7, 27.

Capsa 58, 29.

oapua 19, 12. 11, 11. 91, 19. 11, 1,
0. 54, 9. 86,14. 89, 26.

0111111311, 3. ’

Carbo 84, 8. 89, 7, 29.· 96, 20.

Carinae 119, 15. ·

Carisius 122, 19.

Carnutes 73, 9.

carrhas 11, 25. 11, 11.

Carseoli 84, 2.

’ Carthagodl, 4, 13, 27. 32, 22. 33,

4. 37, 8, 15. 41, 6, 16,29. 44,
23. 49, 13, 20, 24, 26. 59, 19, 30.
51, 6. 52, 2. 54, 9, 16. 55, 2. 57,
20. 7,5,14. 123,19.

111, 10. 11113. 111, 1; 11, 11. Carthagossispaniae 39, 19. 1111.

 

